Table 6. Error rate by cumulative tool-specific failures.
========================================================================================
(source: Manuscript_EMSE_Submission_Ready.md, line 524)
========================================================================================

--------------------------------------------------------------------------------
`execute_bash`                          `str_replace_editor`
Cumulative   Error rate   n           Cumulative   Error rate   n
--------------------------------------------------------------------------------
0              0.212      314,967     0              0.190      345,925
1              0.253      260,296     1              0.281      219,780
2              0.287      222,415     2              0.267      210,159
3              0.310      197,119     3              0.254      195,459
4              0.322      178,083     4              0.256      168,674
5              0.326      161,702     5              0.265      139,506
6              0.334      142,924     6              0.274      113,962
7              0.338      125,354     7              0.285       91,415
8 or more      0.381      590,846     8 or more      0.348      334,144
--------------------------------------------------------------------------------
